[[  0   0   0 ...   0   0   0]
 [  0   0   0 ...   0   0   0]
 [  0   0   0 ...   0   0   0]
 ...
 [  0   0   0 ...   0   0   0]
 [  0   0   0 ...   0   0   0]
 [255 255   0 ...   0   0   0]] canny
[]
[[0 0 0 ... 0 0 0]
 [0 0 0 ... 0 0 0]
 [0 0 0 ... 0 0 0]
 ...
 [0 0 0 ... 0 0 0]
 [0 0 0 ... 0 0 0]
 [0 0 0 ... 0 0 0]] mask 
[[[0 0 0]
  [0 0 0]
  [0 0 0]
  ...
  [0 0 0]
  [0 0 0]
  [0 0 0]]

 [[0 0 0]
  [0 0 0]
  [0 0 0]
  ...
  [0 0 0]
  [0 0 0]
  [0 0 0]]

 [[0 0 0]
  [0 0 0]
  [0 0 0]
  ...
  [0 0 0]
  [0 0 0]
  [0 0 0]]

 ...

 [[0 0 0]
  [0 0 0]
  [0 0 0]
  ...
  [0 0 0]
  [0 0 0]
  [0 0 0]]

 [[0 0 0]
  [0 0 0]
  [0 0 0]
  ...
  [0 0 0]
  [0 0 0]
  [0 0 0]]

 [[0 0 0]
  [0 0 0]
  [0 0 0]
  ...
  [0 0 0]
  [0 0 0]
  [0 0 0]]] SHAPES
